Q=[0.78654568432846, 0.7156795457693393, 0.6578880314230843, 0.6084540632511156, 0.5834179106896814, 0.5606882824161472, 0.5374808560388022, 0.5182860917777787, 0.49651489508706353, 0.4743422603681611, 0.46170947153108327, 0.4477018137804146, 0.43565429243420556, 0.42508181299348474, 0.4166944924841932, 0.40857774314111356, 0.4030885977841335, 0.39628052021730326, 0.3879232341140584, 0.381414593061064, 0.37707287879785406, 0.3730720714611715, 0.36978609761589243, 0.36688425604833375, 0.36506627955286347, 0.3634902966745047, 0.36112811091749225, 0.3600788206734271, 0.35969207445715495, 0.35958497091827746];
T=[17, 33, 55, 46, 35, 49, 49, 49, 59, 64, 77, 66, 52, 73, 66, 60, 60, 80, 164, 51, 52, 42, 51, 40, 30, 40, 31, 28, 46, 28];
