Q=[0.8668522172443317, 0.8295359152874316, 0.8083923512640688, 0.7793593329381202, 0.7697404996179256, 0.7641737612093885, 0.7510732008911207, 0.7423659963671878, 0.7341565625866708, 0.7275286031474683, 0.7241772520153846, 0.7187574672215187, 0.7167663475369243, 0.7126253117752127, 0.7124116650590774, 0.7119160472798848, 0.7118283909382591, 0.710294483571066, 0.7098988565506816, 0.7108286381056252, 0.7119734829286343, 0.7129048532243032, 0.7137465560270569, 0.7138237390913813, 0.7139759870196813, 0.7137423189713256, 0.7129276785382593, 0.7128694347258547, 0.7127737974198247, 0.7127455781361955];
T=[121, 136, 277, 211, 268, 202, 237, 204, 221, 354, 279, 266, 291, 234, 470, 239, 352, 297, 515, 430, 446, 455, 399, 300, 370, 373, 402, 335, 285, 366];
C=[70, 88, 104, 94, 93, 84, 89, 87, 81, 77, 80, 77, 74, 109, 94, 67, 63, 65, 79, 88, 87, 91, 93, 84, 82, 92, 95, 87, 87, 82];
