Q=[0.885020576131687, 0.9337656847367909, 0.9172427751051266, 0.9200330533215513, 0.7937662917859147, 0.7945860876371975, 0.7658817809338283, 0.713138607546506, 0.7025808880075021, 0.6966110572324377, 0.6524284819237596, 0.6270088876114296, 0.6161394249950466, 0.597266072615421, 0.5722230649401279, 0.5531926500800836, 0.5305844202107826, 0.40818116041979696, 0.3656502879775651, 0.34678508336792, 0.33765420512132244, 0.32927700388467485, 0.32406680233638063, 0.3233090758470841];
T=[0, 23, 12, 16, 6, 15, 11, 24, 28, 32, 26, 26, 14, 22, 13, 17, 20, 34, 30, 24, 34, 30, 19, 20];
