Q=[0.885020576131687, 0.935821243015391, 0.9278515183636387, 0.9301531862059709, 0.8437586474763535, 0.8449580950660558, 0.8407486741489564, 0.8097900223228441, 0.8022412054590089, 0.7965529630113617, 0.7733634170502883, 0.7595912036229971, 0.761856723178663, 0.7467047927341371, 0.7349517696805863, 0.7298125744397664, 0.7194149355320283, 0.6916028437475535, 0.6799202083341718, 0.6750818194204404, 0.6759793773134124, 0.6784895069938587, 0.6811394036000573, 0.6814416328073654];
T=[1, 16, 13, 9, 25, 57, 42, 36, 29, 63, 46, 41, 36, 33, 31, 34, 54, 155, 202, 116, 80, 92, 83, 148];
C=[22, 55, 64, 68, 89, 90, 98, 115, 111, 123, 128, 127, 126, 137, 135, 136, 135, 167, 173, 166, 174, 197, 191, 170];
